id,EAP,HPL,MWS
id02310,0.124264,0.032115,0.843621
id24541,0.878459,0.070907,0.050634
id00134,0.347521,0.638791,0.013687
id27757,0.631963,0.360736,0.007302
id04081,0.824124,0.123452,0.052425
id27337,0.542052,0.415569,0.042379
id24265,0.505838,0.324903,0.169260
id25917,0.112958,0.248671,0.638372
id04951,0.945008,0.051764,0.003228
id14549,0.656631,0.189095,0.154274
id22505,0.167811,0.072946,0.759242
id24002,0.002341,0.996850,0.000810
id18982,0.145648,0.636671,0.217681
id15181,0.025014,0.970463,0.004523
id21888,0.712559,0.094525,0.192916
id12035,0.020802,0.006125,0.973073
id17991,0.150953,0.043698,0.805349
id10707,0.988816,0.004482,0.006703
id07101,0.100928,0.253762,0.645310
id00345,0.158573,0.817345,0.024082
id05912,0.763915,0.139499,0.096586
id13443,0.815466,0.025421,0.159114
id09248,0.109378,0.105336,0.785285
id17542,0.035636,0.948969,0.015396
id06995,0.068677,0.013172,0.918151
id25159,0.372948,0.094781,0.532271
id25729,0.716396,0.228537,0.055067
id26949,0.889241,0.079458,0.031301
id27191,0.665673,0.036807,0.297521
id07668,0.386664,0.009053,0.604283
id02230,0.323774,0.144767,0.531459
id15553,0.931963,0.026060,0.041977
id25688,0.019352,0.968407,0.012241
id17545,0.972556,0.004497,0.022947
id13929,0.535173,0.403174,0.061653
id12880,0.267676,0.348214,0.384110
id19282,0.262058,0.084889,0.653053
id14690,0.039214,0.006061,0.954724
id17975,0.049723,0.926632,0.023644
id08037,0.562908,0.023519,0.413574
id15412,0.087559,0.073105,0.839335
id25032,0.581549,0.124863,0.293588
id27165,0.996539,0.001199,0.002262
id03327,0.797354,0.120554,0.082093
id18515,0.766669,0.035803,0.197528
id21003,0.242860,0.081808,0.675332
id23855,0.008541,0.879122,0.112337
id20724,0.628509,0.229037,0.142454
id13303,0.275441,0.210572,0.513987
id16521,0.014677,0.229039,0.756284
id20775,0.921349,0.061966,0.016685
id13029,0.973803,0.015307,0.010890
id14660,0.604156,0.317647,0.078197
id11028,0.011896,0.001394,0.986710
id14180,0.802153,0.157992,0.039855
id25860,0.992782,0.005002,0.002215
id11910,0.533947,0.037464,0.428588
id08065,0.229481,0.167108,0.603411
id22674,0.224420,0.042032,0.733549
id25018,0.229392,0.028449,0.742159
id10892,0.125870,0.801143,0.072987
id10217,0.245088,0.726468,0.028443
id12996,0.046904,0.799681,0.153415
id18262,0.570662,0.205336,0.224002
id08606,0.012953,0.978919,0.008127
id17233,0.844166,0.045904,0.109931
id00101,0.725065,0.188820,0.086115
id12225,0.879279,0.100795,0.019926
id01364,0.087170,0.888690,0.024140
id24973,0.558699,0.098390,0.342911
id25363,0.734807,0.014475,0.250719
id10061,0.513448,0.118129,0.368423
id17673,0.167749,0.791011,0.041240
id13249,0.393032,0.060323,0.546645
id10107,0.040061,0.009686,0.950253
id04403,0.895518,0.018298,0.086183
id25728,0.684697,0.091617,0.223686
id16184,0.457592,0.059375,0.483033
id03438,0.009671,0.000903,0.989426
id22923,0.079161,0.914451,0.006388
id08610,0.949679,0.023759,0.026562
id25355,0.178482,0.048852,0.772666
id16916,0.451592,0.486520,0.061888
id12793,0.105898,0.834388,0.059714
id11859,0.362986,0.172942,0.464072
id02434,0.996061,0.002275,0.001664
id27703,0.069586,0.015068,0.915346
id25212,0.158081,0.816806,0.025113
id11308,0.047386,0.345687,0.606926
id26094,0.927720,0.044691,0.027589
id22080,0.664762,0.319416,0.015822
id03545,0.965266,0.032018,0.002716
id23725,0.030489,0.069777,0.899733
id12009,0.781345,0.124303,0.094353
id24241,0.450532,0.125643,0.423825
id03596,0.052793,0.927468,0.019740
id10749,0.289329,0.578870,0.131801
id22794,0.026127,0.019724,0.954149
id15482,0.504904,0.353951,0.141144
id04833,0.868999,0.099348,0.031652
id00397,0.037285,0.001687,0.961028
id14691,0.074203,0.038042,0.887755
id05193,0.089103,0.004576,0.906321
id19541,0.580631,0.075672,0.343697
id22166,0.008120,0.014399,0.977481
id20744,0.079125,0.024259,0.896616
id10392,0.017741,0.001862,0.980397
id00770,0.847021,0.112836,0.040143
id06018,0.680219,0.282359,0.037422
id15678,0.266039,0.026721,0.707240
id08305,0.922945,0.051239,0.025816
id08903,0.310422,0.136624,0.552954
id14752,0.543006,0.425802,0.031192
id12468,0.035865,0.948291,0.015844
id05085,0.363268,0.578578,0.058154
id21993,0.158110,0.019348,0.822541
id15503,0.923784,0.068142,0.008074
id03021,0.000440,0.998690,0.000870
id16123,0.983956,0.012240,0.003804
id19383,0.964055,0.026366,0.009578
id04186,0.996432,0.001396,0.002171
id17954,0.033626,0.002653,0.963721
id12030,0.387452,0.022580,0.589968
id13020,0.618290,0.346668,0.035041
id25327,0.037298,0.583459,0.379242
id16344,0.224069,0.127898,0.648033
id12303,0.146408,0.712068,0.141524
id15017,0.964657,0.026444,0.008900
id22308,0.489269,0.155396,0.355335
id06536,0.010414,0.052573,0.937013
id19797,0.095045,0.547792,0.357163
id06332,0.344402,0.526566,0.129031
id22941,0.519499,0.108299,0.372203
id13547,0.133204,0.067104,0.799692
id06928,0.058880,0.005841,0.935279
id12521,0.582000,0.382983,0.035017
id25716,0.871949,0.022636,0.105415
id27116,0.001223,0.000345,0.998432
id19941,0.042867,0.875182,0.081952
id05711,0.003333,0.011024,0.985643
id02097,0.004716,0.030833,0.964451
id03563,0.042098,0.940437,0.017465
id02295,0.285463,0.644641,0.069896
id08179,0.998889,0.000577,0.000534
id05332,0.017582,0.936412,0.046006
id15697,0.717906,0.077722,0.204373
id17026,0.094854,0.033273,0.871873
id04243,0.773299,0.172283,0.054418
id13175,0.999508,0.000373,0.000119
id05387,0.861450,0.025698,0.112852
id19989,0.849886,0.041961,0.108153
id25173,0.340382,0.054585,0.605033
id08925,0.074647,0.914216,0.011137
id03034,0.056620,0.896829,0.046552
id13272,0.002764,0.994998,0.002239
id07956,0.936664,0.031027,0.032308
id02648,0.032478,0.026594,0.940928
id01778,0.335405,0.036502,0.628093
id12846,0.007249,0.000428,0.992323
id19001,0.485088,0.112687,0.402225
id05763,0.580917,0.094754,0.324328
id15590,0.017775,0.007778,0.974446
id04912,0.339268,0.371231,0.289501
id21201,0.844089,0.102368,0.053543
id13215,0.957586,0.014606,0.027808
id15612,0.099212,0.873828,0.026960
id18501,0.049766,0.022627,0.927606
id07223,0.266696,0.519598,0.213706
id06707,0.481941,0.339787,0.178272
id05238,0.003620,0.991204,0.005176
id00935,0.038605,0.148729,0.812666
id00110,0.701401,0.046466,0.252133
id17476,0.918654,0.052430,0.028916
id15170,0.980623,0.015412,0.003966
id13397,0.405084,0.149665,0.445251
id24283,0.104566,0.149738,0.745696
id15234,0.853606,0.136739,0.009655
id16884,0.434641,0.327485,0.237874
id07831,0.220654,0.647565,0.131781
id16038,0.827589,0.148682,0.023728
id03629,0.725776,0.093052,0.181172
id21019,0.731455,0.213648,0.054898
id21835,0.312091,0.262276,0.425633
id04480,0.100394,0.893628,0.005979
id20838,0.548375,0.300325,0.151300
id24195,0.487287,0.263873,0.248840
id05448,0.729628,0.156863,0.113509
id15957,0.127166,0.853625,0.019209
id19956,0.053723,0.002828,0.943450
id15104,0.100200,0.306721,0.593080
id17559,0.610487,0.279144,0.110369
id16839,0.286500,0.234838,0.478662
id14493,0.500125,0.244227,0.255647
id08833,0.774782,0.060491,0.164727
id15723,0.233248,0.242000,0.524753
id02716,0.904719,0.072082,0.023199
id06689,0.087619,0.798662,0.113719
id18837,0.520384,0.202238,0.277378
id04466,0.907566,0.041759,0.050675
id00686,0.735184,0.038526,0.226290
id09010,0.264890,0.708356,0.026755
id23353,0.846733,0.057790,0.095476
id00066,0.606262,0.150819,0.242920
id15724,0.077927,0.839346,0.082728
id23486,0.088633,0.024077,0.887290
id22258,0.199937,0.057892,0.742171
id02292,0.378985,0.474648,0.146367
id16356,0.151613,0.035979,0.812408
id00235,0.721179,0.066591,0.212230
id25522,0.178435,0.015006,0.806559
id04204,0.121070,0.834820,0.044110
id22016,0.843102,0.099773,0.057125
id06480,0.173796,0.704023,0.122181
id08718,0.016578,0.011504,0.971918
id05251,0.007150,0.981832,0.011018
id03359,0.811749,0.165714,0.022538
id16117,0.077868,0.008985,0.913147
id17000,0.043918,0.949896,0.006187
id01730,0.127714,0.854482,0.017804
id00630,0.296249,0.640894,0.062858
id18175,0.074958,0.009139,0.915903
id00907,0.926934,0.029671,0.043395
id18251,0.066342,0.916606,0.017053
id25861,0.577118,0.299837,0.123045
id00398,0.505911,0.165330,0.328759
id27573,0.970945,0.003091,0.025964
id10022,0.038565,0.824733,0.136702
id15901,0.115880,0.012051,0.872069
id00451,0.153340,0.022653,0.824006
id23129,0.044638,0.897307,0.058055
id26498,0.220663,0.723481,0.055856
id14741,0.825137,0.105091,0.069772
id18453,0.108882,0.104069,0.787049
id08309,0.841380,0.084273,0.074348
id00320,0.999554,0.000143,0.000303
id07688,0.286078,0.058345,0.655576
id01556,0.055276,0.012997,0.931727
id00178,0.596631,0.030581,0.372787
id18902,0.213107,0.112529,0.674364
id27002,0.227823,0.651095,0.121081
id21418,0.985343,0.011393,0.003264
id23018,0.612078,0.081439,0.306483
id07032,0.362053,0.379860,0.258087
id16195,0.502728,0.103819,0.393453
id11202,0.051213,0.895642,0.053145
id09578,0.482323,0.116689,0.400987
id26984,0.664453,0.039590,0.295957
id19856,0.047807,0.921718,0.030475
id12086,0.407492,0.109777,0.482731
id12052,0.088392,0.046529,0.865079
id17728,0.104461,0.026745,0.868794
id24608,0.874281,0.043164,0.082554
id21097,0.193840,0.037176,0.768985
id20179,0.014866,0.000683,0.984451
id15144,0.397882,0.443536,0.158582
id00206,0.904388,0.039659,0.055953
id22285,0.051989,0.012704,0.935307
id06417,0.111071,0.432430,0.456499
id00215,0.075834,0.916905,0.007261
id04201,0.688596,0.038398,0.273006
id21771,0.977647,0.013773,0.008580
id12451,0.153623,0.482382,0.363996
id14250,0.036301,0.840789,0.122911
id03433,0.040978,0.910095,0.048927
id03303,0.221059,0.014725,0.764217
id25901,0.199438,0.649066,0.151496
id06945,0.235182,0.051870,0.712948
id05664,0.349532,0.424422,0.226046
id05741,0.981749,0.004493,0.013757
id10652,0.235696,0.245735,0.518569
id16300,0.906847,0.053122,0.040031
id12319,0.584834,0.217493,0.197673
id07500,0.298305,0.696634,0.005061
id12478,0.243547,0.394739,0.361714
id03076,0.130312,0.006011,0.863676
id00969,0.348517,0.587178,0.064305
id23636,0.060325,0.903000,0.036675
id09791,0.272982,0.092117,0.634901
id05680,0.074384,0.190802,0.734815
id03672,0.135878,0.673295,0.190828
id04286,0.038529,0.883958,0.077513
id23883,0.031789,0.455831,0.512380
id11914,0.515175,0.108412,0.376413
id20974,0.067683,0.880391,0.051925
id26125,0.018393,0.015268,0.966339
id15543,0.490039,0.030238,0.479723
id19471,0.998268,0.000549,0.001183
id11503,0.576641,0.216025,0.207334
id09321,0.020061,0.930123,0.049816
id25560,0.005733,0.006443,0.987824
id06726,0.487228,0.197941,0.314832
id05709,0.869622,0.046029,0.084349
id09788,0.145021,0.529579,0.325399
id05289,0.998345,0.001213,0.000441
id11815,0.054038,0.915246,0.030716
id22422,0.595613,0.214466,0.189921
id25954,0.779117,0.016543,0.204340
id13601,0.453718,0.504320,0.041962
id05677,0.765745,0.008911,0.225344
id10498,0.054894,0.935099,0.010006
id02665,0.152590,0.761549,0.085861
id10114,0.107836,0.696458,0.195706
id26314,0.541279,0.307626,0.151095
id21240,0.345721,0.292829,0.361450
id15569,0.816939,0.085286,0.097775
id25928,0.173917,0.166664,0.659419
id22706,0.190220,0.803892,0.005887
id20877,0.036967,0.834219,0.128814
id04318,0.637846,0.065393,0.296762
id18299,0.093874,0.870002,0.036125
id08126,0.174970,0.013779,0.811251
id14293,0.388720,0.017559,0.593721
id12759,0.983001,0.011254,0.005744
id11983,0.805878,0.069533,0.124589
id05580,0.392696,0.481840,0.125464
id25846,0.384230,0.257433,0.358337
id01939,0.334483,0.083545,0.581972
id26327,0.179714,0.399146,0.421140
id11068,0.068072,0.046551,0.885377
id08404,0.814121,0.031741,0.154138
id27189,0.369766,0.600456,0.029778
id15119,0.121608,0.739592,0.138800
id26525,0.942631,0.020234,0.037135
id03618,0.796976,0.138897,0.064127
id27220,0.988764,0.006523,0.004713
id18777,0.098900,0.024016,0.877085
id20213,0.840789,0.098148,0.061062
id20403,0.805701,0.166453,0.027846
id03777,0.355149,0.051195,0.593656
id10595,0.031108,0.938350,0.030541
id13816,0.267436,0.031122,0.701442
id05667,0.023975,0.111422,0.864604
id24629,0.509714,0.122206,0.368080
id20398,0.327181,0.202697,0.470122
id14108,0.007368,0.010169,0.982463
id06196,0.009553,0.986130,0.004318
id02800,0.344387,0.378378,0.277236
id18732,0.056203,0.902958,0.040839
id11915,0.067769,0.738771,0.193460
id09739,0.475028,0.065103,0.459869
id24672,0.892260,0.093756,0.013984
id00414,0.013717,0.056207,0.930076
id16307,0.908176,0.042497,0.049327
id14043,0.107295,0.050620,0.842085
id00517,0.001891,0.001686,0.996422
id09744,0.977106,0.020556,0.002338
id19257,0.899954,0.057726,0.042320
id15437,0.204451,0.737291,0.058258
id16352,0.075240,0.024826,0.899933
id18849,0.413918,0.289824,0.296258
id19434,0.001311,0.997552,0.001136
id17928,0.195059,0.075984,0.728957
id16896,0.086918,0.003224,0.909859
id02135,0.580219,0.199962,0.219819
id15075,0.867077,0.077730,0.055193
id27486,0.007133,0.989479,0.003388
id19422,0.914729,0.055403,0.029868
id09603,0.052617,0.880331,0.067053
id02133,0.068417,0.784822,0.146760
id03441,0.382679,0.122448,0.494873
id02398,0.018918,0.977469,0.003613
id05152,0.105522,0.012429,0.882048
id17838,0.065959,0.020607,0.913434
id25060,0.988626,0.007904,0.003470
id09998,0.068691,0.056427,0.874882
id01828,0.055733,0.864577,0.079689
id25377,0.148088,0.051701,0.800212
id22175,0.109080,0.852762,0.038158
id02974,0.031076,0.021572,0.947352
id26955,0.990062,0.007260,0.002678
id21091,0.853064,0.087649,0.059287
id12802,0.837636,0.126387,0.035977
id07432,0.007455,0.987859,0.004686
id18749,0.471178,0.262841,0.265980
id15030,0.092840,0.177462,0.729699
id17155,0.055939,0.917762,0.026299
id08128,0.034503,0.785251,0.180246
id25706,0.013186,0.891030,0.095784
id15645,0.546264,0.396352,0.057384
id04943,0.818408,0.088272,0.093320
id27566,0.054148,0.024699,0.921153
id11765,0.275748,0.349243,0.375009
id13783,0.321669,0.425686,0.252646
id00492,0.036770,0.064918,0.898312
id27636,0.071010,0.016633,0.912356
id04273,0.680362,0.172437,0.147201
id02537,0.197126,0.374466,0.428408
id24349,0.839027,0.137818,0.023154
id00023,0.008005,0.971546,0.020450
id23025,0.308836,0.684893,0.006271
id08722,0.597893,0.206738,0.195370
id02420,0.960517,0.036363,0.003120
id10811,0.870266,0.081968,0.047766
id04019,0.015318,0.006759,0.977923
id18334,0.957808,0.037301,0.004890
id16781,0.351257,0.604592,0.044151
id08773,0.407132,0.577056,0.015812
id19214,0.639456,0.232824,0.127720
id09589,0.002819,0.979360,0.017821
id24246,0.441530,0.059215,0.499256
id23577,0.238166,0.749960,0.011874
id09305,0.525878,0.129083,0.345039
id16460,0.230841,0.024388,0.744771
id21115,0.297099,0.452684,0.250217
id25996,0.514716,0.135123,0.350161
id02551,0.020200,0.024086,0.955714
id19352,0.051447,0.001325,0.947227
id03806,0.239266,0.099934,0.660800
id26544,0.701237,0.197487,0.101276
id18761,0.729326,0.144140,0.126534
id24148,0.642435,0.326748,0.030817
id16095,0.087161,0.793870,0.118969
id18442,0.674018,0.172672,0.153309
id22596,0.002955,0.000560,0.996485
id23002,0.036244,0.018932,0.944824
id04797,0.961693,0.017894,0.020413
id06610,0.267157,0.027943,0.704901
id16173,0.212229,0.626973,0.160798
id18292,0.395325,0.076089,0.528586
id27328,0.962732,0.011000,0.026268
id01695,0.056006,0.927213,0.016781
id05761,0.434098,0.010423,0.555479
id16354,0.940188,0.020410,0.039402
id12207,0.055720,0.491693,0.452587
id05665,0.218470,0.009552,0.771978
id01911,0.885419,0.095017,0.019564
id19153,0.043804,0.020820,0.935377
id10295,0.596627,0.308346,0.095027
id23038,0.669105,0.261741,0.069153
id23783,0.440164,0.547980,0.011856
id27879,0.851346,0.115960,0.032694
id19190,0.019303,0.979265,0.001432
id05065,0.934856,0.033419,0.031725
id21296,0.041147,0.859853,0.099000
id13262,0.239823,0.388716,0.371462
id10333,0.941123,0.010264,0.048612
id16677,0.167217,0.466626,0.366158
id01392,0.319566,0.030621,0.649812
id27874,0.326854,0.289505,0.383641
id02294,0.003437,0.986540,0.010023
id18298,0.027513,0.139049,0.833438
id06997,0.882106,0.042309,0.075585
id05243,0.173861,0.274944,0.551196
id00860,0.063810,0.789420,0.146770
id26681,0.992709,0.006105,0.001186
id06020,0.004716,0.000129,0.995155
id27683,0.897494,0.045531,0.056975
id17655,0.051769,0.938467,0.009764
id08817,0.046094,0.102516,0.851389
id11512,0.016524,0.026922,0.956554
id00478,0.108466,0.035978,0.855557
id02116,0.896059,0.051755,0.052187
id06746,0.970478,0.016448,0.013075
id03863,0.197964,0.770779,0.031257
id01802,0.153485,0.775164,0.071350
id11682,0.590512,0.009952,0.399535
id04033,0.056345,0.700180,0.243475
id09286,0.176113,0.502699,0.321188
id12904,0.994982,0.004860,0.000158
id07420,0.033677,0.019517,0.946806
id22398,0.003412,0.982721,0.013868
id00424,0.165863,0.074287,0.759850
id20960,0.891943,0.077548,0.030509
id10267,0.396589,0.377748,0.225663
id19330,0.275817,0.008102,0.716080
id00994,0.044938,0.927966,0.027096
id10785,0.782672,0.074381,0.142947
id00955,0.017682,0.964699,0.017619
id09757,0.016966,0.979914,0.003120
id10030,0.199598,0.074259,0.726142
id22952,0.099906,0.114510,0.785584
id21955,0.006321,0.007962,0.985717
id07674,0.845374,0.054796,0.099830
id13760,0.057233,0.927984,0.014783
id18166,0.506200,0.074766,0.419034
id23498,0.985290,0.011639,0.003071
id05296,0.986411,0.002287,0.011302
id26709,0.811730,0.091720,0.096550
id02853,0.881908,0.091412,0.026681
id06800,0.208106,0.217545,0.574349
id14758,0.254137,0.629466,0.116397
id12356,0.935294,0.048217,0.016488
id21492,0.700526,0.230982,0.068491
id27540,0.265598,0.004042,0.730360
id07376,0.096615,0.804636,0.098749
id15201,0.618410,0.345143,0.036446
id23388,0.085562,0.854293,0.060144
id13923,0.092786,0.749102,0.158112
id00794,0.053482,0.941743,0.004775
id23910,0.259962,0.197618,0.542421
id02556,0.074145,0.121574,0.804282
id22151,0.007548,0.986502,0.005950
id11698,0.032719,0.899034,0.068247
id11627,0.611468,0.085530,0.303002
id06340,0.998574,0.000827,0.000600
id05123,0.564870,0.252378,0.182751
id26620,0.034890,0.008605,0.956505
id04002,0.062517,0.305345,0.632139
id26554,0.561635,0.125845,0.312519
id18012,0.121567,0.090482,0.787951
id12964,0.169825,0.028347,0.801828
id18965,0.068495,0.739875,0.191629
id19082,0.087766,0.035669,0.876565
id26742,0.050714,0.007758,0.941529
id15442,0.017835,0.968166,0.013998
id16647,0.433532,0.157260,0.409207
id11544,0.295372,0.068800,0.635828
id20581,0.411207,0.123020,0.465773
id13192,0.277805,0.494146,0.228049
id15814,0.212461,0.131101,0.656439
id26279,0.207685,0.776852,0.015463
id00240,0.929048,0.035971,0.034981
id22836,0.984620,0.009889,0.005491
id15085,0.013572,0.832446,0.153982
id17495,0.507318,0.006988,0.485694
id26762,0.545604,0.248814,0.205581
id13685,0.985951,0.002376,0.011674
id16560,0.008357,0.986401,0.005242
id17184,0.006274,0.975442,0.018284
id21635,0.992412,0.004669,0.002919
id26751,0.145385,0.641554,0.213061
id12351,0.889233,0.040449,0.070318
id14872,0.454972,0.221900,0.323128
id18372,0.729676,0.245648,0.024676
id26851,0.461540,0.323404,0.215056
id22659,0.503388,0.484644,0.011968
id04102,0.006814,0.002605,0.990581
id02353,0.163783,0.744709,0.091508
id26721,0.963849,0.030126,0.006026
id11171,0.778071,0.131869,0.090060
id13562,0.363191,0.378539,0.258269
id26425,0.753804,0.036014,0.210183
id26394,0.389148,0.133355,0.477497
id22187,0.126678,0.799787,0.073536
id00422,0.959766,0.004666,0.035568
id22667,0.002848,0.996520,0.000632
id00911,0.676041,0.189368,0.134591
id17291,0.136036,0.087200,0.776763
id01915,0.423313,0.089907,0.486780
id01434,0.028386,0.021686,0.949928
id01584,0.762212,0.062273,0.175515
id09266,0.919349,0.022922,0.057729
id17494,0.004716,0.990852,0.004433
id24919,0.063634,0.365564,0.570803
id21043,0.164762,0.004190,0.831047
id17796,0.025570,0.960079,0.014351
id02166,0.456410,0.021431,0.522159
id17503,0.825926,0.013233,0.160841
id21203,0.182835,0.159215,0.657950
id25626,0.992121,0.003675,0.004204
id09836,0.991028,0.006130,0.002842
id24202,0.128150,0.165070,0.706780
id27260,0.489498,0.335772,0.174731
id23167,0.074023,0.030698,0.895279
id10393,0.044229,0.923265,0.032506
id01171,0.353443,0.592025,0.054532
id06380,0.936089,0.037546,0.026365
id22686,0.308959,0.024014,0.667027
id26250,0.211510,0.024561,0.763929
id09315,0.290817,0.604864,0.104319
id00886,0.168011,0.514167,0.317822
id03101,0.613977,0.098947,0.287076
id12367,0.448170,0.123128,0.428702
id10770,0.372575,0.041730,0.585696
id14949,0.027649,0.964559,0.007792
id14141,0.573597,0.381908,0.044495
id25417,0.264296,0.660839,0.074865
id26873,0.419930,0.052089,0.527982
id10818,0.236732,0.026978,0.736290
id15146,0.390396,0.011557,0.598047
id23328,0.801048,0.123713,0.075239
id16765,0.300039,0.415876,0.284085
id24383,0.928742,0.009507,0.061751
id21304,0.699811,0.089080,0.211110
id12551,0.033474,0.956467,0.010059
id23274,0.092704,0.081977,0.825319
id08117,0.410280,0.090853,0.498867
id23961,0.910596,0.051231,0.038172
id13865,0.044739,0.928987,0.026274
id22807,0.127521,0.042754,0.829725
id08951,0.136515,0.163452,0.700033
id18684,0.974969,0.018866,0.006165
id25179,0.127612,0.496259,0.376129
id27033,0.847701,0.025111,0.127187
id13977,0.247654,0.601010,0.151336
id19337,0.013043,0.864139,0.122818
id25764,0.176352,0.726272,0.097377
id16106,0.325664,0.144323,0.530013
id05468,0.029861,0.012460,0.957678
id05241,0.923652,0.014096,0.062252
id10215,0.522579,0.187702,0.289719
id23457,0.011620,0.031953,0.956427
id02200,0.893787,0.084956,0.021257
id13714,0.167078,0.796047,0.036876
id20332,0.002832,0.002227,0.994941
id18573,0.207660,0.175013,0.617327
id08569,0.929915,0.002393,0.067692
id22767,0.792710,0.170127,0.037164
id25390,0.149767,0.685430,0.164803
id09288,0.921154,0.044412,0.034434
id12381,0.970859,0.013988,0.015153
id02895,0.150980,0.090199,0.758821
id25270,0.026899,0.002512,0.970589
id14248,0.173341,0.139878,0.686781
id12831,0.641386,0.022488,0.336125
id18305,0.693482,0.029507,0.277012
id07805,0.976455,0.016098,0.007447
id14027,0.129071,0.084693,0.786236
id02760,0.116937,0.174189,0.708874
id24362,0.881744,0.035344,0.082912
id17065,0.192568,0.794415,0.013017
id26583,0.022726,0.780930,0.196343
id19664,0.984493,0.012848,0.002659
id25145,0.799630,0.019014,0.181356
id17858,0.101022,0.882936,0.016042
id05148,0.314887,0.482337,0.202776
id22928,0.627516,0.249051,0.123433
id21549,0.205237,0.013098,0.781665
id12649,0.173458,0.810412,0.016130
id21597,0.427427,0.152676,0.419897
id27945,0.729681,0.164336,0.105983
id00243,0.905322,0.007532,0.087146
id02745,0.215234,0.108196,0.676571
id23550,0.111545,0.021039,0.867416
id13023,0.237858,0.003995,0.758147
id24796,0.323380,0.024448,0.652172
id12284,0.129516,0.840317,0.030167
id02664,0.000765,0.974195,0.025040
id23767,0.777460,0.171837,0.050703
id05859,0.032587,0.783517,0.183896
id14350,0.078469,0.826826,0.094705
id01191,0.511876,0.412945,0.075179
id17034,0.388398,0.106343,0.505260
id25292,0.899336,0.095027,0.005637
id22121,0.988545,0.006410,0.005045
id20872,0.994127,0.002556,0.003317
id17720,0.110984,0.873647,0.015369
id22658,0.079112,0.910899,0.009990
id09567,0.612380,0.277917,0.109703
id16445,0.944628,0.029676,0.025696
id08349,0.261544,0.689634,0.048822
id27437,0.176288,0.265113,0.558600
id03812,0.976169,0.016606,0.007225
id22304,0.891602,0.054632,0.053766
id04449,0.401488,0.436960,0.161552
id15605,0.470468,0.179607,0.349924
id01768,0.212904,0.268916,0.518180
id20019,0.609179,0.236173,0.154648
id09593,0.110550,0.267632,0.621818
id23179,0.523479,0.015286,0.461235
id21279,0.755153,0.081024,0.163823
id06711,0.192547,0.101787,0.705665
id14243,0.016572,0.965417,0.018011
id04839,0.022539,0.023245,0.954216
id17220,0.008961,0.947685,0.043355
id24177,0.471568,0.227343,0.301090
id20512,0.024343,0.023408,0.952249
id14036,0.064306,0.930411,0.005284
id25001,0.033279,0.024584,0.942137
id06175,0.022697,0.961622,0.015681
id24720,0.172021,0.604736,0.223243
id08070,0.906024,0.071287,0.022689
id18934,0.848737,0.048614,0.102649
id01338,0.958030,0.006061,0.035909
id19008,0.023125,0.955971,0.020904
id19632,0.200866,0.378004,0.421129
id26224,0.010518,0.003414,0.986068
id08219,0.765728,0.038701,0.195571
id24008,0.013668,0.003345,0.982988
id12475,0.422085,0.405896,0.172019
id05766,0.164670,0.193341,0.641989
id27386,0.003184,0.992597,0.004219
id12476,0.003118,0.995829,0.001052
id08311,0.568209,0.359509,0.072282
id04996,0.137563,0.846983,0.015454
id17350,0.421141,0.550084,0.028775
id05546,0.063122,0.926955,0.009923
id16504,0.087929,0.904563,0.007508
id05782,0.001004,0.002346,0.996650
id20560,0.878079,0.092936,0.028985
id14171,0.051134,0.189290,0.759576
id27461,0.748270,0.095748,0.155981
id03581,0.320685,0.146213,0.533103
id21847,0.260256,0.070148,0.669596
id11712,0.576555,0.086997,0.336448
id26738,0.024384,0.015331,0.960285
id13668,0.963724,0.033164,0.003111
id15114,0.988050,0.004630,0.007320
id20130,0.309514,0.257012,0.433474
id18331,0.408979,0.034761,0.556261
id24465,0.995098,0.002697,0.002206
id13539,0.744772,0.228984,0.026244
id27564,0.041906,0.779220,0.178874
id26043,0.046914,0.044069,0.909017
id04965,0.000486,0.001894,0.997619
id08645,0.024463,0.005701,0.969836
id26610,0.429680,0.229086,0.341234
id21737,0.474086,0.462151,0.063762
id25784,0.000295,0.998566,0.001139
id23030,0.711168,0.119768,0.169064
id16450,0.004780,0.970043,0.025177
id02161,0.219247,0.024234,0.756518
id25535,0.917041,0.026990,0.055969
id16566,0.621695,0.018281,0.360023
id05714,0.966182,0.016287,0.017531
id16524,0.471381,0.470304,0.058315
id23941,0.025429,0.922171,0.052401
id00831,0.022283,0.118491,0.859226
id18145,0.503341,0.126690,0.369969
id17227,0.998525,0.000418,0.001057
id09417,0.574690,0.091494,0.333816
id21307,0.609185,0.289190,0.101625
id05650,0.010753,0.987514,0.001733
id23901,0.462614,0.108793,0.428592
id05831,0.997852,0.000359,0.001790
id16708,0.141185,0.809601,0.049214
id02281,0.102299,0.314145,0.583556
id11599,0.761407,0.092079,0.146514
id18353,0.022689,0.956375,0.020936
id07413,0.846999,0.109451,0.043550
id15653,0.025986,0.958891,0.015123
id09715,0.082942,0.008143,0.908915
id05108,0.235532,0.723854,0.040614
id09537,0.431478,0.440308,0.128214
id27596,0.865811,0.101247,0.032942
id24255,0.078746,0.003021,0.918233
id05080,0.001938,0.001927,0.996136
id09484,0.950480,0.008412,0.041108
id14864,0.130967,0.015353,0.853680
id26836,0.403496,0.287782,0.308723
id07003,0.489592,0.405371,0.105037
id13750,0.000336,0.999473,0.000191
id21799,0.070158,0.489518,0.440324
id11285,0.999588,0.000165,0.000248
id04735,0.908893,0.032441,0.058666
id23049,0.004726,0.021733,0.973541
id05826,0.265978,0.382974,0.351049
id17916,0.529231,0.276016,0.194753
id14081,0.446801,0.005783,0.547416
id10527,0.031418,0.011449,0.957133
id16059,0.064248,0.623502,0.312250
id25542,0.949626,0.042017,0.008357
id05402,0.006451,0.021852,0.971697
id01927,0.745414,0.037163,0.217423
id27656,0.261011,0.021480,0.717509
id06708,0.267148,0.149582,0.583269
id03524,0.521063,0.259078,0.219859
id12297,0.917332,0.039978,0.042689
id03439,0.980611,0.015510,0.003879
id04587,0.001480,0.996553,0.001967
id25470,0.035955,0.963325,0.000720
id01212,0.349221,0.415106,0.235674
id13932,0.285427,0.393623,0.320950
id00124,0.105219,0.030265,0.864516
id01592,0.929503,0.015719,0.054778
id13461,0.400427,0.174981,0.424592
id24681,0.095983,0.184123,0.719894
id23245,0.169665,0.012938,0.817397
id14073,0.384980,0.072056,0.542964
id05172,0.905433,0.008565,0.086002
id21979,0.330305,0.217401,0.452294
id00328,0.336730,0.130115,0.533155
id26102,0.665597,0.204212,0.130191
id14867,0.161990,0.385174,0.452836
id27544,0.130603,0.851385,0.018012
id16228,0.810440,0.047913,0.141647
id16342,0.379777,0.397117,0.223106
id24933,0.969376,0.011278,0.019346
id04601,0.508221,0.149219,0.342560
id01599,0.031096,0.935198,0.033706
id06238,0.683147,0.178320,0.138533
id06826,0.170169,0.356533,0.473298
id23307,0.872393,0.119970,0.007637
id13575,0.946416,0.026508,0.027075
id24174,0.489774,0.091923,0.418303
id19534,0.118725,0.458233,0.423042
id19602,0.041095,0.007559,0.951345
id26962,0.116770,0.860082,0.023148
id04448,0.227647,0.765569,0.006784
id09786,0.404216,0.547096,0.048688
id25240,0.270616,0.635128,0.094256
id14893,0.870352,0.111081,0.018567
id24221,0.951067,0.036484,0.012449
id04696,0.839441,0.017758,0.142801
id15153,0.152931,0.510958,0.336111
id13882,0.001427,0.997820,0.000753
id17836,0.181113,0.720556,0.098331
id00574,0.262846,0.542152,0.195002
id02078,0.106248,0.514708,0.379044
id21206,0.180030,0.747940,0.072030
id20084,0.830917,0.038419,0.130663
id26598,0.086713,0.002553,0.910735
id06838,0.112064,0.011997,0.875939
id08786,0.289246,0.145825,0.564929
id09550,0.025150,0.443319,0.531531
id10206,0.931573,0.018358,0.050069
id21113,0.740697,0.125670,0.133634
id21151,0.452877,0.483729,0.063394
id02692,0.985635,0.009510,0.004855
id26446,0.320678,0.447897,0.231425
id07377,0.314154,0.661825,0.024021
id15998,0.689799,0.290958,0.019243
id19637,0.699349,0.096065,0.204586
id19735,0.129898,0.727384,0.142717
id13739,0.223748,0.052242,0.724011
id25175,0.563779,0.353099,0.083121
id00563,0.220011,0.471112,0.308877
id09982,0.763511,0.012703,0.223786
id15459,0.000069,0.999918,0.000013
id20785,0.037891,0.015834,0.946275
id07145,0.007136,0.246334,0.746530
id22204,0.263094,0.547501,0.189405
id09285,0.889106,0.004158,0.106736
id18157,0.007372,0.003233,0.989394
id12134,0.052236,0.072609,0.875155
id23914,0.948616,0.012766,0.038619
id10483,0.975522,0.017241,0.007237
id07092,0.911719,0.048466,0.039815
id14786,0.262412,0.209670,0.527917
id25741,0.761814,0.070504,0.167682
id09050,0.084666,0.904808,0.010527
id04938,0.866663,0.059873,0.073464
id05901,0.167787,0.194679,0.637534
id16975,0.048597,0.933586,0.017817
id08547,0.012476,0.003426,0.984098
id16355,0.852945,0.014967,0.132087
id14568,0.780907,0.003484,0.215609
id25599,0.083892,0.644688,0.271419
id01670,0.012278,0.981369,0.006353
id23945,0.298158,0.694973,0.006869
id17394,0.077858,0.005985,0.916156
id06501,0.060868,0.836908,0.102224
id26234,0.226864,0.737759,0.035377
id21280,0.060932,0.004081,0.934987
id20048,0.011822,0.012240,0.975938
id01216,0.353140,0.250456,0.396404
id25320,0.923697,0.024619,0.051684
id22833,0.194887,0.320158,0.484955
id22056,0.323897,0.454320,0.221783
id02275,0.059141,0.869728,0.071132
id26127,0.251545,0.046520,0.701936
id17011,0.132318,0.849460,0.018222
id13847,0.948209,0.014721,0.037070
id00013,0.077647,0.892821,0.029532
id16463,0.936316,0.011174,0.052510
id04845,0.273809,0.603932,0.122259
id01787,0.043241,0.078143,0.878616
id08637,0.938405,0.034059,0.027536
id11414,0.035908,0.005976,0.958117
id13177,0.238961,0.437957,0.323082
id24517,0.808493,0.173149,0.018358
id26838,0.718164,0.050764,0.231072
id23081,0.034944,0.937877,0.027179
id16327,0.333305,0.551495,0.115199
id27282,0.117613,0.879078,0.003309
id07489,0.616196,0.107239,0.276565
id01718,0.017566,0.006567,0.975868
id15441,0.920940,0.026183,0.052877
id27736,0.042071,0.281260,0.676669
id16324,0.010073,0.059706,0.930220
id12027,0.179787,0.042376,0.777836
id24653,0.035875,0.963230,0.000895
id17541,0.350993,0.091553,0.557454
id22406,0.145495,0.493487,0.361018
id18356,0.584973,0.278594,0.136433
id04505,0.350223,0.221578,0.428199
id04246,0.403496,0.287782,0.308723
id07368,0.454988,0.236185,0.308827
id26185,0.112381,0.012611,0.875007
id08878,0.635156,0.182599,0.182245
id27691,0.011894,0.002397,0.985709
id18004,0.440232,0.289570,0.270199
id24426,0.707336,0.127539,0.165125
id14164,0.925875,0.053429,0.020695
id12653,0.007044,0.974878,0.018078
id18060,0.230628,0.089995,0.679377
id18556,0.261506,0.180740,0.557754
id27371,0.100211,0.119302,0.780487
id11989,0.200573,0.710854,0.088573
id26095,0.932410,0.021482,0.046107
id24978,0.331225,0.226862,0.441913
id20322,0.572111,0.034232,0.393657
id01954,0.879353,0.112425,0.008223
id07434,0.040473,0.317178,0.642349
id18144,0.013797,0.013856,0.972347
id16250,0.463614,0.410568,0.125818
id17793,0.066720,0.076068,0.857212
id24067,0.261550,0.035511,0.702939
id13891,0.335906,0.012895,0.651199
id07334,0.101687,0.746919,0.151394
id15633,0.004799,0.990737,0.004464
id23239,0.765916,0.043863,0.190221
id10674,0.236361,0.045147,0.718492
id22093,0.418617,0.333682,0.247701
id08444,0.434507,0.370696,0.194797
id03257,0.057190,0.037709,0.905100
id10040,0.374930,0.592756,0.032314
id04902,0.023334,0.000814,0.975852
id01219,0.479273,0.394576,0.126152
id01340,0.797315,0.166566,0.036119
id05117,0.022680,0.961026,0.016294
id04908,0.565258,0.023235,0.411507
id03626,0.044055,0.003375,0.952570
id01888,0.819705,0.151195,0.029100
id17199,0.122449,0.028667,0.848884
id11200,0.443650,0.514314,0.042036
id27561,0.433731,0.084740,0.481529
id20966,0.050284,0.857577,0.092139
id10257,0.103067,0.792431,0.104502
id21168,0.062768,0.789746,0.147486
id23363,0.010317,0.008614,0.981070
id05321,0.265348,0.634173,0.100480
id09928,0.031629,0.009594,0.958777
id18015,0.894316,0.103962,0.001722
id02082,0.087711,0.898235,0.014054
id19279,0.693617,0.114452,0.191931
id08541,0.212890,0.581584,0.205527
id15249,0.026184,0.906004,0.067812
id03609,0.071312,0.442788,0.485900
id22902,0.110558,0.016989,0.872453
id17733,0.940388,0.054934,0.004678
id07554,0.112399,0.091250,0.796351
id14120,0.796615,0.024251,0.179133
id21802,0.247479,0.673446,0.079076
id15614,0.122528,0.862148,0.015325
id19437,0.011157,0.007769,0.981074
id22698,0.898136,0.084967,0.016896
id21841,0.012481,0.975586,0.011934
id16177,0.682955,0.237932,0.079112
id15887,0.086528,0.139490,0.773982
id22629,0.432858,0.331174,0.235968
id10346,0.919438,0.021653,0.058909
id05154,0.732085,0.106460,0.161455
id22913,0.731224,0.208689,0.060087
id10544,0.291028,0.164818,0.544155
id08703,0.101004,0.840500,0.058496
id12817,0.287816,0.022611,0.689574
id25433,0.761035,0.065675,0.173290
id25112,0.175065,0.042644,0.782291
id05054,0.047444,0.807176,0.145380
id02311,0.059761,0.826963,0.113277
id22160,0.332817,0.319298,0.347885
id17422,0.997883,0.000597,0.001520
id18985,0.911505,0.063796,0.024698
id21905,0.087160,0.013271,0.899569
id17474,0.806690,0.068440,0.124870
id15236,0.023943,0.922036,0.054022
id13964,0.393044,0.153286,0.453670
id15962,0.002540,0.995172,0.002288
id20866,0.059326,0.319176,0.621498
id06625,0.665922,0.023960,0.310118
id09793,0.454181,0.112341,0.433478
id17365,0.079046,0.897873,0.023081
id18463,0.078921,0.909672,0.011406
id20693,0.146257,0.599304,0.254439
id08785,0.007792,0.986908,0.005300
id06783,0.148525,0.754667,0.096808
id23178,0.292960,0.036297,0.670744
id13513,0.066500,0.893420,0.040080
id25361,0.027674,0.019454,0.952872
id22319,0.637534,0.252329,0.110136
id14024,0.220858,0.076237,0.702905
id24186,0.037171,0.947448,0.015381
id20965,0.841173,0.049373,0.109454
id06242,0.137255,0.039291,0.823454
id25665,0.097954,0.081522,0.820524
id09706,0.573142,0.083488,0.343371
id11026,0.000248,0.998615,0.001137
id04223,0.884838,0.069687,0.045474
id19674,0.004015,0.978674,0.017312
id23420,0.067040,0.530281,0.402678
id18059,0.502039,0.473129,0.024832
id22576,0.716040,0.180363,0.103597
id18495,0.007017,0.967216,0.025767
id14139,0.952915,0.012769,0.034316
id18313,0.122075,0.848238,0.029688
id27356,0.987560,0.010817,0.001623
id16035,0.237450,0.008065,0.754486
id04182,0.242073,0.292687,0.465240
id15667,0.755314,0.080579,0.164107
id08713,0.928317,0.039257,0.032425
id25563,0.003390,0.993591,0.003019
id17023,0.995406,0.003175,0.001419
id03014,0.000113,0.995425,0.004462
id23812,0.017286,0.980686,0.002028
id20057,0.055797,0.464729,0.479474
id12385,0.601749,0.221868,0.176383
id24416,0.369670,0.575205,0.055124
id15672,0.107238,0.675086,0.217676
id13868,0.781426,0.200995,0.017579
id21095,0.062511,0.054803,0.882686
id05305,0.358868,0.524327,0.116804
id15384,0.131115,0.128317,0.740568
id14049,0.094116,0.010600,0.895284
id23441,0.735032,0.212336,0.052632
id12856,0.121465,0.007104,0.871431
id16055,0.008713,0.005397,0.985890
id24771,0.124649,0.573369,0.301982
id14053,0.349802,0.276397,0.373801
id19547,0.056192,0.135611,0.808197
id03639,0.087073,0.884957,0.027970
id14546,0.537187,0.422141,0.040673
id13935,0.267985,0.010328,0.721686
id20335,0.047746,0.843042,0.109212
id07301,0.262873,0.038109,0.699018
id10186,0.581733,0.008071,0.410196
id00192,0.448363,0.149523,0.402115
id17851,0.838052,0.149145,0.012804
id08403,0.590531,0.331778,0.077691
id06183,0.315537,0.130934,0.553529
id24738,0.089971,0.311227,0.598802
id15112,0.697585,0.016299,0.286116
id19819,0.010254,0.006014,0.983732
id17722,0.027904,0.017158,0.954938
id24273,0.053048,0.889282,0.057670
id18939,0.152297,0.022935,0.824768
id16076,0.568441,0.397819,0.033740
id23158,0.183474,0.024658,0.791868
id12745,0.841100,0.077150,0.081749
id22538,0.055611,0.572678,0.371711
id14975,0.189931,0.774345,0.035724
id27537,0.695542,0.178658,0.125800
id06632,0.118702,0.105431,0.775868
id08100,0.271464,0.702511,0.026024
id00843,0.988953,0.001791,0.009256
id22159,0.063169,0.007591,0.929239
id18672,0.623487,0.013108,0.363405
id06916,0.266611,0.657194,0.076195
id22212,0.272317,0.315493,0.412191
id00273,0.276536,0.048713,0.674752
id26325,0.124985,0.648647,0.226368
id23683,0.244202,0.715943,0.039855
id14419,0.209102,0.633044,0.157854
id11931,0.012158,0.984225,0.003617
id00568,0.279942,0.633447,0.086611
id12271,0.933659,0.021483,0.044858
id12622,0.839331,0.110802,0.049866
id03156,0.220797,0.547862,0.231341
id25592,0.800373,0.137581,0.062046
id24367,0.929898,0.013222,0.056880
id16007,0.123638,0.042165,0.834197
id04785,0.315202,0.362155,0.322643
id07888,0.057504,0.099706,0.842790
id13557,0.065708,0.906111,0.028181
id20726,0.817657,0.074733,0.107611
id09580,0.894770,0.054837,0.050393
id05173,0.105340,0.885708,0.008952
id10394,0.016737,0.975600,0.007663
id03926,0.198536,0.322182,0.479281
id07264,0.507807,0.043003,0.449190
id01862,0.051824,0.515345,0.432831
id20808,0.477462,0.422804,0.099734
id26658,0.376191,0.209141,0.414669
id04479,0.128537,0.196808,0.674655
id17445,0.093022,0.689299,0.217678
id04430,0.003797,0.950729,0.045474
id06052,0.221233,0.031726,0.747041
id11485,0.355912,0.112318,0.531770
id13060,0.295086,0.039980,0.664935
id20873,0.617296,0.050375,0.332329
id21927,0.049126,0.931303,0.019570
id02736,0.693972,0.013401,0.292627
id11234,0.195694,0.123221,0.681085
id27894,0.942885,0.011161,0.045954
id23208,0.057778,0.046900,0.895321
id18470,0.241626,0.616188,0.142186
id23172,0.039552,0.927338,0.033110
id08752,0.247261,0.351693,0.401046
id14242,0.034657,0.076800,0.888543
id22908,0.894031,0.032742,0.073227
id17454,0.281055,0.341458,0.377487
id23797,0.937290,0.027754,0.034956
id03788,0.683518,0.106599,0.209883
id23682,0.212705,0.061957,0.725338
id07179,0.921363,0.069830,0.008806
id09746,0.045298,0.949250,0.005452
id26613,0.105215,0.147418,0.747367
id05142,0.993543,0.005171,0.001286
id04825,0.007882,0.970657,0.021461
id13691,0.099552,0.166333,0.734115
id14183,0.004567,0.000840,0.994593
id19519,0.191640,0.071452,0.736908
id26685,0.684812,0.068629,0.246559
id07937,0.348443,0.365331,0.286226
id10574,0.060688,0.929449,0.009863
id15310,0.015587,0.835919,0.148494
id27311,0.000517,0.000358,0.999125
id11590,0.486100,0.154189,0.359711
id19798,0.055653,0.794737,0.149610
id12201,0.830822,0.087223,0.081956
id12460,0.403496,0.287782,0.308723
id12019,0.957474,0.013683,0.028843
id08046,0.272685,0.270999,0.456316
id02989,0.266701,0.275494,0.457805
id26905,0.147524,0.146907,0.705569
id09779,0.997419,0.001911,0.000669
id04359,0.566211,0.072712,0.361077
id01526,0.920727,0.058030,0.021243
id22325,0.151652,0.681896,0.166452
id27878,0.227736,0.281677,0.490586
id06413,0.019598,0.973193,0.007208
id12616,0.187701,0.777393,0.034906
id05301,0.971656,0.008810,0.019534
id13258,0.403415,0.178323,0.418262
id08789,0.032275,0.859404,0.108321
id11776,0.011102,0.933018,0.055880
id21899,0.589726,0.366336,0.043937
id18108,0.139381,0.047667,0.812951
id23585,0.452816,0.373413,0.173770
id22122,0.437012,0.016003,0.546985
id22855,0.517366,0.206343,0.276291
id19551,0.651690,0.009109,0.339201
id18535,0.002977,0.961295,0.035728
id15115,0.327494,0.139564,0.532942
id00678,0.979497,0.018603,0.001899
id21876,0.116833,0.564104,0.319063
id01553,0.461064,0.110092,0.428844
id09456,0.434791,0.414572,0.150638
id01455,0.474333,0.235360,0.290307
id02454,0.000434,0.999238,0.000328
id07911,0.400500,0.118579,0.480920
id13383,0.870748,0.073550,0.055702
id19953,0.193554,0.091394,0.715052
id10316,0.347904,0.405193,0.246903
id01991,0.629894,0.085745,0.284362
id19176,0.937251,0.045291,0.017458
id06744,0.250904,0.132856,0.616240
id09999,0.261850,0.010523,0.727628
id11253,0.029069,0.009123,0.961809
id15089,0.064146,0.903405,0.032449
id16821,0.043751,0.013799,0.942450
id08256,0.953235,0.016488,0.030277
id14844,0.504697,0.267522,0.227781
id25950,0.031462,0.952055,0.016482
id11961,0.003189,0.938728,0.058083
id00092,0.035721,0.060203,0.904076
id13083,0.147881,0.349006,0.503113
id25825,0.533606,0.295041,0.171353
id03045,0.014103,0.016090,0.969807
id19037,0.293343,0.471285,0.235372
id24357,0.100504,0.011001,0.888495
id24449,0.286478,0.233127,0.480395
